cod_loja,UF
10,29
3213,29
13,29
16,29
21,29
28,35
308,35
315,35
353,35
867,35
903,35
1065,35
1234,35
1267,35
1322,35
1361,35
1419,35
1452,35
1462,35
1507,35
1518,35
1551,35
1734,35
1754,35
1757,35
1787,35
1890,35
1919,35
2028,35
2072,35
2201,35
2236,35
2250,35
2277,35
2481,35
2550,35
2585,35
2673,35
2910,35
2945,35
3208,35
3274,35
3340,35
3359,35
3475,35
3617,35
41,35
55,35
64,35
381,35
2020,35
73,21
75,23
82,31
206,31
974,31
1007,31
1760,31
2321,31
84,31
87,31
99,31
103,52
106,52
117,17
119,42
127,41
129,41
132,41
178,31
1448,31
3464,31
200,41
201,32
202,31
203,35
300,35
327,35
1254,35
1531,35
2386,35
2436,35
213,31
215,35
220,41
232,35
234,51
235,43
255,43
652,43
1724,43
2420,43
2423,43
2966,43
240,24
241,24
242,29
254,33
1126,33
261,41
262,43
2454,43
272,29
278,31
285,35
1626,35
3169,35
302,31
303,17
323,42
333,29
334,21
339,24
344,52
355,22
375,43
384,15
394,33
420,31
427,27
448,26
450,32
452,29
461,41
476,35
1570,35
480,52
2050,52
2116,52
3674,52
486,41
501,31
514,32
520,41
522,32
1199,32
1774,32
1789,32
3493,32
3650,32
526,29
540,26
543,26
545,15
556,51
560,42
561,27
566,33
572,31
575,43
588,52
592,35
596,35
1156,35
1247,35
3284,35
601,51
603,31
610,31
618,43
620,43
636,31
1390,31
1930,31
2136,31
2152,31
2153,31
2163,31
2284,31
2382,31
637,41
641,31
645,29
646,31
653,41
2464,41
678,35
680,23
683,50
685,31
715,31
730,52
733,31
750,35
1502,35
2733,35
756,21
758,22
777,33
791,29
812,42
813,42
820,35
841,31
857,43
861,29
866,51
3057,51
868,35
876,35
885,35
907,42
914,35
929,24
1861,24
2452,24
936,24
938,35
944,17
950,29
952,52
953,43
967,27
975,26
1008,43
1013,43
1025,35
3415,35
1027,33
1308,33
2046,33
2461,33
2689,33
2702,33
2779,33
2792,33
2877,33
3004,33
3008,33
3661,33
1034,31
1036,52
1039,26
1059,35
1073,15
1082,35
1089,35
1093,28
1094,35
1099,35
1106,33
2380,33
1109,42
1114,42
2426,42
1124,31
1145,32
1148,32
1151,21
1153,31
2096,31
2934,31
1173,31
1175,22
1180,26
1186,35
1196,35
1208,51
1213,43
1743,43
1226,35
1246,26
1274,29
1283,33
1287,21
1292,43
1298,41
1569,41
3033,41
1314,12
1317,26
1321,52
1334,31
1335,21
1359,21
1360,21
1374,31
1382,29
1384,31
1385,29
1396,29
1447,29
1398,21
1403,43
1415,31
1418,21
1421,35
1674,35
1422,50
1460,29
3383,29
3389,29
3394,29
3396,29
3416,29
3426,29
3432,29
3433,29
3667,29
1485,35
1499,35
1500,31
1503,21
1510,29
1523,35
1524,31
1527,35
1563,52
1568,28
1574,15
1580,52
1595,21
1598,42
1602,35
1613,29
1632,35
2487,35
1667,35
1669,52
1685,31
1686,35
1696,13
1708,24
1732,15
1752,43
1768,41
1788,25
1794,32
1795,29
1799,35
2757,35
1808,51
1811,50
1819,31
1824,29
1835,27
1842,17
1843,25
1851,28
1853,21
2774,21
1858,51
1862,35
1863,27
2009,27
1872,42
1874,31
2724,31
1882,35
1885,35
1896,35
3261,35
1899,33
1901,35
1984,35
1918,24
1927,35
1992,35
2929,35
1933,24
1944,35
2828,35
1949,41
2177,41
2181,41
2193,41
2195,41
2207,41
2562,41
2700,41
3478,41
1982,53
2015,53
2132,53
3644,53
1986,41
1990,42
2018,31
2040,35
2066,33
2976,33
2984,33
2068,23
2070,42
2120,42
2074,35
2091,23
2111,26
2241,26
2128,41
2463,41
2139,42
2867,42
2165,28
2166,28
2171,28
2173,35
2755,35
2223,16
2240,42
2262,35
2283,31
2294,41
2296,35
2334,41
2337,24
2341,26
2347,41
2992,41
2367,43
2368,52
2379,27
2388,33
2390,29
2410,29
2451,43
2469,28
2488,23
2579,23
2932,23
2513,41
2527,31
2537,35
2543,27
2564,23
2580,29
2594,43
2596,43
2604,35
2613,41
2637,35
2646,35
2649,51
2650,23
2860,23
2651,43
2652,15
2655,43
2665,17
2667,51
2688,11
2704,33
2708,35
2730,31
2741,31
2745,23
2746,23
2748,31
2752,32
2761,43
2763,35
2801,26
2815,35
2822,35
2840,32
2847,35
2855,31
2889,42
2894,35
2950,12
2954,41
3054,26
3069,35
3082,22
3086,35
3096,52
3103,33
3109,43
3114,11
3121,35
3138,43
3156,35
3164,41
3168,41
3182,11
3186,35
3252,35
3197,43
3199,31
3200,31
3206,41
3236,35
3243,31
3251,33
3263,35
3285,41
3287,41
3301,35
3307,26
3310,26
3316,42
3323,21
3326,21
3344,15
3367,25
3368,25
3371,43
3406,35
3450,25
3480,25
3457,23
3472,15
3512,26
3539,26
3565,26
3566,26
3568,26
3636,26
3533,26
3549,35
3552,43
3557,43
3559,43
3592,15
3593,15
3598,15
3605,15
3608,15
3599,15
3621,43
3627,23
3675,42
3684,29
